40 74 24 18 93 65 62 63 17 8
33 95 12 15 34 14 59 21 20 32
72 69 25 51 6 31 55 80 73 60
75 68 66 11 82 36 48 52 91 56
1 4 10 61 22 90 5 16 41 49
7 78 2 86 44 81 28 53 97 27
35 77 29 99 42 23 46 37 38 92
85 47 87 54 64 9 89 88 13 58
19 26 79 83 3 30 57 71 45 0
98 39 84 43 50 76 96 67 94 70
24 49 60 8 53 92 14 52 26 34
75 56 80 17 3 22 99 66 37 44
73 46 84 87 70 95 63 43 25 12
6 36 19 23 76 27 20 65 82 81
11 16 89 94 28 79 5 69 41 93
39 13 68 9 32 51 31 7 71 96
1 29 48 77 10 42 21 40 0 78
67 72 2 74 4 90 35 47 85 50
86 18 38 98 30 91 88 58 62 83
64 54 61 55 97 15 45 33 57 59
29 8 35 67 94 42 3 59 6 90
55 13 18 54 78 15 21 60 1 26
4 70 99 39 36 98 57 97 11 89
41 25 9 49 46 81 61 95 2 45
92 68 22 20 48 37 51 38 27 58
34 84 82 31 76 50 65 12 75 33
93 44 23 14 43 0 71 80 52 30
53 83 87 17 10 7 56 74 19 24
73 96 62 40 79 86 32 88 64 5
16 91 28 77 69 47 85 66 72 63
68 87 97 32 27 28 11 13 0 39
91 17 84 45 14 4 21 76 44 63
85 69 71 16 36 72 58 26 7 20
83 65 46 57 75 6 38 82 5 33
93 77 89 48 74 49 67 51 19 40
15 2 42 96 53 55 59 41 25 12
61 50 23 29 37 22 24 1 95 79
88 56 98 18 30 31 9 81 99 64
8 60 70 10 54 78 92 73 66 86
47 3 90 43 80 35 94 62 52 34